=== Algorithm Results ===
Runtime: 1208 ms
Memory: 78.11 MB
Top-K size: 10

=== Top-K Patterns ===

[1] Utility: 372
98[26] -1 107[32] -1 31[40] -1 178[43] -1 107[42] -1 259[46] -1 165[29] -1 34[49] -1 243[24] -1 85[41] -1 #SUtility:372

[2] Utility: 370
133[29] -1 120[39] -1 124[43] -1 259[17] -1 87[48] -1 230[28] -1 166[49] -1 44[50] -1 8[28] -1 11[39] -1 #SUtility:370

[3] Utility: 366
252[42] -1 120[44] -1 89[49] -1 76[32] -1 47[36] -1 274[46] -1 209[41] -1 53[20] -1 6[28] -1 73[28] -1 #SUtility:366

[4] Utility: 360
169[41] -1 120[44] -1 254[17] -1 283[10] -1 87[46] -1 30[47] -1 170[13] -1 44[50] -1 243[50] -1 11[42] -1 #SUtility:360

[5] Utility: 357
83[41] -1 223[50] -1 124[45] -1 138[40] -1 114[40] -1 264[42] -1 1[33] -1 279[49] -1 194[17] -1 #SUtility:357

[6] Utility: 355
169[16] -1 223[47] -1 254[42] -1 17[50] -1 87[24] -1 30[40] -1 1[28] -1 44[30] -1 223[40] -1 11[38] -1 #SUtility:355

[7] Utility: 353
169[45] -1 120[50] -1 254[38] -1 259[41] -1 87[30] -1 30[35] -1 1[35] -1 44[18] -1 243[37] -1 11[24] -1 #SUtility:353

[8] Utility: 352
252[31] -1 185[32] -1 31[37] -1 154[50] -1 92[2] -1 10[34] -1 261[47] -1 170[41] -1 223[47] -1 85[31] -1 #SUtility:352

[9] Utility: 351
85[11] -1 35[48] -1 257[47] -1 283[11] -1 128[46] -1 251[33] -1 81[29] -1 44[42] -1 163[45] -1 11[39] -1 #SUtility:351

[10] Utility: 348
169[40] -1 120[39] -1 254[35] -1 259[43] -1 87[46] -1 30[42] -1 1[40] -1 44[33] -1 243[30] -1 #SUtility:348
