 10307[14] -1 10311[5] -1 12487[20] -1 -2  SUtility:39
 12559[14] -1 -2  SUtility:14
 12695[15] -1 12703[10] -1 18715[8] -1 -2  SUtility:33
 10311[2] -1 12387[4] -1 12515[12] -1 12691[20] -1 12695[3] -1 12699[42] -1 12703[5] -1 12823[10] -1 12831[12] -1 12847[16] -1 18595[4] -1 18679[32] -1 18751[18] -1 -2  SUtility:180
 10291[10] -1 12523[12] -1 12531[4] -1 12535[12] -1 12883[30] -1 -2  SUtility:68
 12523[24] -1 12539[5] -1 12803[5] -1 12819[9] -1 -2  SUtility:43
 12819[1] -1 -2  SUtility:1
 12471[10] -1 12491[9] -1 12531[20] -1 12535[20] -1 12567[21] -1 12663[2] -1 12667[1] -1 12823[3] -1 18447[3] -1 18507[6] -1 18691[6] -1 -2  SUtility:101
 12487[12] -1 -2  SUtility:12
 12547[5] -1 12815[16] -1 12895[14] -1 -2  SUtility:35
 12527[21] -1 12799[70] -1 12807[8] -1 12819[1] -1 12879[32] -1 -2  SUtility:132
 12807[6] -1 -2  SUtility:6
 12875[40] -1 -2  SUtility:40
 12407[14] -1 12507[2] -1 12519[8] -1 12547[1] -1 -2  SUtility:25
 12479[18] -1 12483[1] -1 12487[12] -1 12527[6] -1 12535[40] -1 12539[4] -1 12555[15] -1 12715[6] -1 12723[48] -1 18447[9] -1 18619[2] -1 18691[3] -1 18815[8] -1 18819[4] -1 18831[12] -1 -2  SUtility:188
 12403[16] -1 -2  SUtility:16
 12875[32] -1 -2  SUtility:32
 12371[30] -1 12419[48] -1 -2  SUtility:78
 12823[8] -1 -2  SUtility:8
 18547[49] -1 18587[30] -1 18735[63] -1 -2  SUtility:142
 12523[16] -1 -2  SUtility:16
 12459[6] -1 12523[40] -1 12531[20] -1 12559[70] -1 12663[8] -1 12667[7] -1 12687[18] -1 12847[20] -1 12851[27] -1 -2  SUtility:216
 12621[6] -1 12647[14] -1 12667[2] -1 12807[1] -1 18707[12] -1 18715[2] -1 18747[32] -1 18755[40] -1 18763[15] -1 18767[24] -1 -2  SUtility:148
 12647[4] -1 -2  SUtility:4
 12395[5] -1 12403[18] -1 12431[16] -1 12447[42] -1 12451[21] -1 12515[15] -1 12679[25] -1 12715[30] -1 12727[32] -1 18431[14] -1 -2  SUtility:218
 12511[4] -1 12627[8] -1 18507[16] -1 18755[20] -1 -2  SUtility:48
 12559[70] -1 -2  SUtility:70
 12663[4] -1 -2  SUtility:4
 12647[2] -1 -2  SUtility:2
 12299[24] -1 12355[6] -1 12367[32] -1 12395[30] -1 12419[6] -1 12431[12] -1 12435[40] -1 12443[12] -1 -2  SUtility:162
 12403[20] -1 12411[7] -1 18547[63] -1 18619[2] -1 -2  SUtility:92
 10877[16] -1 12399[8] -1 -2  SUtility:24
 18547[7] -1 -2  SUtility:7
 10849[27] -1 12431[12] -1 12663[10] -1 12743[7] -1 12747[15] -1 12751[2] -1 -2  SUtility:73
 12895[14] -1 -2  SUtility:14
 12463[10] -1 -2  SUtility:10
 12299[27] -1 12395[15] -1 12399[12] -1 12403[16] -1 12443[48] -1 -2  SUtility:118
 12327[4] -1 12351[20] -1 12355[5] -1 12655[24] -1 12723[24] -1 12727[20] -1 12803[5] -1 12895[12] -1 -2  SUtility:114
 12663[8] -1 -2  SUtility:8
 12403[18] -1 -2  SUtility:18
 12567[21] -1 -2  SUtility:21
 12621[18] -1 -2  SUtility:18
 12503[10] -1 -2  SUtility:10
 12895[2] -1 -2  SUtility:2
 10849[21] -1 18471[40] -1 -2  SUtility:61
 12403[20] -1 12895[20] -1 18691[18] -1 -2  SUtility:58
 10307[4] -1 -2  SUtility:4
 12621[6] -1 12775[12] -1 -2  SUtility:18
 12875[20] -1 -2  SUtility:20
 12403[20] -1 -2  SUtility:20
 12895[14] -1 -2  SUtility:14
 10315[7] -1 10829[3] -1 10837[48] -1 12819[10] -1 12823[3] -1 18507[4] -1 18627[28] -1 18675[45] -1 18735[14] -1 -2  SUtility:162
 12495[20] -1 12895[2] -1 -2  SUtility:22
 12823[4] -1 -2  SUtility:4
 18423[40] -1 -2  SUtility:40
 12695[3] -1 -2  SUtility:3
 12555[24] -1 -2  SUtility:24
 12627[16] -1 -2  SUtility:16
 12555[12] -1 -2  SUtility:12
 18615[4] -1 18619[6] -1 18743[36] -1 18747[16] -1 18751[9] -1 18755[5] -1 18759[21] -1 18763[5] -1 18767[30] -1 -2  SUtility:132
 10315[10] -1 10837[56] -1 10853[10] -1 12411[1] -1 12555[9] -1 18723[24] -1 18727[12] -1 18731[2] -1 -2  SUtility:124
 18439[36] -1 18443[5] -1 18447[6] -1 18451[10] -1 18455[2] -1 18459[10] -1 18855[40] -1 -2  SUtility:109
 12591[2] -1 -2  SUtility:2
 12695[18] -1 12703[1] -1 -2  SUtility:19
 12447[63] -1 12555[3] -1 12727[24] -1 18527[28] -1 18559[8] -1 18691[9] -1 18723[15] -1 18735[14] -1 18871[9] -1 27385[36] -1 -2  SUtility:209
 12591[7] -1 -2  SUtility:7
 12439[9] -1 -2  SUtility:9
 12547[4] -1 -2  SUtility:4
 12591[6] -1 -2  SUtility:6
 12663[6] -1 18787[12] -1 -2  SUtility:18
 12547[1] -1 -2  SUtility:1
 12431[28] -1 -2  SUtility:28
 12547[10] -1 -2  SUtility:10
 12547[10] -1 -2  SUtility:10
 10311[9] -1 18651[6] -1 18871[24] -1 18879[32] -1 -2  SUtility:71
 18723[27] -1 18787[60] -1 18871[21] -1 -2  SUtility:108
 12419[36] -1 12503[2] -1 12567[3] -1 12831[3] -1 18635[20] -1 18723[27] -1 18787[48] -1 -2  SUtility:139
 10303[6] -1 10311[4] -1 10319[7] -1 10323[8] -1 10339[5] -1 10343[40] -1 10829[9] -1 10833[10] -1 10837[64] -1 10849[18] -1 10853[2] -1 10857[24] -1 10861[14] -1 10865[4] -1 10869[6] -1 12323[20] -1 12471[3] -1 12475[18] -1 12487[20] -1 12571[10] -1 12575[30] -1 12647[16] -1 12651[42] -1 12655[20] -1 12659[72] -1 12667[3] -1 12671[9] -1 12679[35] -1 12699[36] -1 12703[1] -1 12711[8] -1 12715[18] -1 12719[28] -1 12735[20] -1 12739[12] -1 12743[10] -1 12759[12] -1 12763[6] -1 12779[4] -1 12799[21] -1 12827[35] -1 12835[18] -1 12839[16] -1 12847[14] -1 12851[30] -1 12859[25] -1 12863[8] -1 12867[6] -1 12875[36] -1 12883[18] -1 12887[40] -1 18415[16] -1 18707[18] -1 -2  SUtility:975
 10881[21] -1 12663[5] -1 18431[20] -1 18647[18] -1 18831[27] -1 -2  SUtility:91
 12675[35] -1 -2  SUtility:35
 18707[18] -1 18863[36] -1 -2  SUtility:54
 10291[10] -1 10295[50] -1 10299[10] -1 10307[2] -1 10327[3] -1 10331[3] -1 12663[3] -1 12679[30] -1 12683[32] -1 12695[12] -1 12699[24] -1 12703[6] -1 12799[70] -1 12819[1] -1 12823[1] -1 12827[10] -1 12831[30] -1 12879[32] -1 12895[6] -1 -2  SUtility:335
 12875[40] -1 -2  SUtility:40
 18547[49] -1 18863[16] -1 -2  SUtility:65
 18707[12] -1 -2  SUtility:12
 12627[8] -1 12631[50] -1 -2  SUtility:58
 10829[30] -1 10833[8] -1 -2  SUtility:38
 12547[8] -1 -2  SUtility:8
 12411[2] -1 12503[3] -1 -2  SUtility:5
 12431[32] -1 -2  SUtility:32
 12431[24] -1 18523[16] -1 -2  SUtility:40
 12507[3] -1 12567[6] -1 18507[4] -1 18523[16] -1 18567[9] -1 18595[20] -1 18635[20] -1 18799[20] -1 18811[12] -1 -2  SUtility:110
 12547[3] -1 -2  SUtility:3
 12551[9] -1 -2  SUtility:9
 12515[30] -1 -2  SUtility:30
 18675[35] -1 18683[8] -1 -2  SUtility:43
 12355[7] -1 12607[27] -1 -2  SUtility:34
 10291[3] -1 10295[30] -1 10299[20] -1 10307[16] -1 10315[5] -1 10327[24] -1 10331[30] -1 10335[6] -1 12523[12] -1 12527[30] -1 12531[28] -1 12631[10] -1 12695[24] -1 -2  SUtility:238
 10311[10] -1 10315[1] -1 12487[10] -1 12523[20] -1 -2  SUtility:41
 12559[63] -1 12567[6] -1 -2  SUtility:69
 18787[24] -1 18871[18] -1 18879[8] -1 -2  SUtility:50
 12487[16] -1 -2  SUtility:16
 12547[8] -1 -2  SUtility:8
 10295[50] -1 12691[20] -1 -2  SUtility:70
 12559[70] -1 -2  SUtility:70
 12627[4] -1 18459[15] -1 -2  SUtility:19
 20807[2] -1 -2  SUtility:2
 12559[70] -1 -2  SUtility:70
 12659[40] -1 -2  SUtility:40
 12655[20] -1 12695[21] -1 -2  SUtility:41
 12559[56] -1 12567[21] -1 -2  SUtility:77
 10327[24] -1 10331[3] -1 10335[3] -1 12531[24] -1 12687[18] -1 12691[4] -1 12795[10] -1 12803[35] -1 12815[4] -1 12819[9] -1 12831[9] -1 -2  SUtility:143
 12491[9] -1 -2  SUtility:9
 12559[42] -1 -2  SUtility:42
 12559[70] -1 -2  SUtility:70
 12551[30] -1 -2  SUtility:30
 12559[49] -1 -2  SUtility:49
 12403[2] -1 -2  SUtility:2
 12479[14] -1 12627[8] -1 12683[28] -1 12687[20] -1 12795[10] -1 12803[35] -1 12815[8] -1 12831[27] -1 -2  SUtility:150
 12343[35] -1 12347[14] -1 12351[35] -1 12355[6] -1 12559[35] -1 12711[32] -1 12723[12] -1 12727[20] -1 12883[21] -1 18563[4] -1 -2  SUtility:214
 12851[27] -1 -2  SUtility:27
 12567[24] -1 -2  SUtility:24
 10295[50] -1 10307[18] -1 10311[3] -1 12663[10] -1 12667[3] -1 12683[40] -1 -2  SUtility:124
 12579[25] -1 -2  SUtility:25
 10307[18] -1 12663[10] -1 -2  SUtility:28
 18707[60] -1 -2  SUtility:60
 10311[1] -1 10861[2] -1 12479[6] -1 12483[1] -1 12487[14] -1 12491[12] -1 12663[2] -1 12759[15] -1 18619[5] -1 18847[20] -1 18863[12] -1 18871[27] -1 -2  SUtility:117
 12621[24] -1 -2  SUtility:24
 10303[5] -1 10311[9] -1 10319[6] -1 10323[18] -1 10339[1] -1 10343[25] -1 10829[6] -1 10833[6] -1 10837[64] -1 10841[40] -1 10845[12] -1 10849[12] -1 10853[8] -1 10857[8] -1 10861[20] -1 10865[9] -1 10869[60] -1 10877[4] -1 10881[24] -1 12323[8] -1 12327[4] -1 12331[3] -1 12335[2] -1 12343[25] -1 12347[12] -1 12351[10] -1 12355[1] -1 12431[36] -1 12471[7] -1 12475[20] -1 12487[2] -1 12547[1] -1 12551[24] -1 12555[3] -1 12559[21] -1 12563[20] -1 12567[6] -1 12571[10] -1 12575[5] -1 12579[10] -1 12583[36] -1 12587[21] -1 12591[9] -1 12595[8] -1 12621[6] -1 12647[20] -1 12651[70] -1 12655[8] -1 12659[40] -1 12667[4] -1 12671[7] -1 12679[40] -1 12699[12] -1 12703[10] -1 12711[40] -1 12715[18] -1 12719[24] -1 12735[30] -1 12739[24] -1 12743[4] -1 12759[6] -1 12763[20] -1 12779[14] -1 12799[42] -1 12823[1] -1 12827[25] -1 12835[2] -1 12839[10] -1 12847[4] -1 12851[30] -1 12859[50] -1 12863[12] -1 12867[3] -1 12875[16] -1 12883[9] -1 12887[28] -1 12891[27] -1 12895[8] -1 -2  SUtility:1305
 12551[9] -1 12559[14] -1 -2  SUtility:23
 18575[5] -1 18787[24] -1 18863[20] -1 -2  SUtility:49
 18871[15] -1 -2  SUtility:15
 18827[18] -1 18831[6] -1 -2  SUtility:24
 12775[3] -1 -2  SUtility:3
 10295[35] -1 10307[16] -1 10315[4] -1 12399[10] -1 12559[28] -1 12811[9] -1 12847[14] -1 18779[27] -1 -2  SUtility:143
 12403[6] -1 12495[25] -1 12503[10] -1 12663[10] -1 -2  SUtility:51
 10295[50] -1 10307[2] -1 10311[8] -1 10315[1] -1 10849[27] -1 10877[18] -1 12347[18] -1 12463[20] -1 12487[14] -1 12495[30] -1 12515[9] -1 12523[28] -1 12531[4] -1 12551[15] -1 12567[15] -1 12627[6] -1 12655[4] -1 12691[16] -1 12695[12] -1 12823[2] -1 12831[6] -1 12895[14] -1 12907[5] -1 18511[10] -1 -2  SUtility:334
 10295[35] -1 10307[10] -1 10311[8] -1 10315[1] -1 10857[36] -1 10861[4] -1 12531[24] -1 12647[2] -1 12651[35] -1 12655[8] -1 12667[8] -1 12671[5] -1 12723[6] -1 12739[28] -1 12747[12] -1 12807[6] -1 12819[1] -1 12823[5] -1 12847[18] -1 12867[21] -1 18479[50] -1 18487[30] -1 18499[15] -1 18611[5] -1 18643[40] -1 18671[3] -1 18675[25] -1 18727[16] -1 18751[6] -1 18831[15] -1 18863[40] -1 -2  SUtility:518
 12715[15] -1 -2  SUtility:15
 12351[40] -1 12847[18] -1 -2  SUtility:58
 12487[6] -1 12675[49] -1 -2  SUtility:55
 12567[6] -1 -2  SUtility:6
 10303[5] -1 10857[20] -1 10861[20] -1 10865[2] -1 12607[21] -1 12611[12] -1 12615[36] -1 12715[6] -1 12719[20] -1 12723[60] -1 12727[16] -1 12731[12] -1 12735[35] -1 12739[32] -1 12743[4] -1 12747[9] -1 12751[4] -1 12755[24] -1 12759[3] -1 12763[12] -1 12767[10] -1 12771[4] -1 12775[21] -1 12779[10] -1 12783[12] -1 12787[45] -1 -2  SUtility:455
 10857[16] -1 10865[3] -1 12479[20] -1 12483[7] -1 12487[2] -1 12491[18] -1 12603[42] -1 12607[24] -1 12621[3] -1 12683[36] -1 12695[6] -1 12699[12] -1 12703[8] -1 12823[5] -1 12867[21] -1 18787[54] -1 -2  SUtility:277
 18683[10] -1 18695[18] -1 -2  SUtility:28
 18619[1] -1 18787[12] -1 -2  SUtility:13
 12591[1] -1 -2  SUtility:1
 12463[40] -1 12479[20] -1 12483[9] -1 12487[10] -1 18863[8] -1 -2  SUtility:87
 12483[6] -1 12491[9] -1 12663[10] -1 12667[10] -1 12671[4] -1 -2  SUtility:39
 12727[24] -1 -2  SUtility:24
 10311[6] -1 10323[18] -1 12479[2] -1 12483[1] -1 12487[10] -1 -2  SUtility:37
 12483[10] -1 12487[2] -1 18627[28] -1 18651[6] -1 18787[12] -1 -2  SUtility:58
 18423[40] -1 18427[16] -1 18431[18] -1 18443[40] -1 18447[5] -1 18451[10] -1 18455[4] -1 18459[25] -1 18511[20] -1 18515[18] -1 18519[6] -1 18527[32] -1 18535[18] -1 18539[15] -1 18543[5] -1 18551[20] -1 18555[5] -1 18559[1] -1 18563[6] -1 18567[6] -1 18571[14] -1 18575[2] -1 18579[27] -1 18595[14] -1 18603[2] -1 18615[36] -1 18619[1] -1 18627[40] -1 18631[4] -1 18635[4] -1 18639[8] -1 18643[10] -1 18647[24] -1 18651[4] -1 18655[12] -1 18659[5] -1 18663[50] -1 18675[50] -1 18683[5] -1 18691[18] -1 18695[9] -1 18699[9] -1 18703[40] -1 18707[60] -1 18711[16] -1 18715[6] -1 18719[30] -1 18723[9] -1 18727[40] -1 18731[1] -1 18735[42] -1 18743[24] -1 18747[8] -1 18751[6] -1 18755[10] -1 18759[27] -1 18763[50] -1 18767[9] -1 18795[35] -1 18799[14] -1 18807[70] -1 18847[36] -1 18855[80] -1 20807[3] -1 27385[24] -1 27389[7] -1 -2  SUtility:1305
 10315[6] -1 -2  SUtility:6
 12399[20] -1 12503[6] -1 18787[24] -1 18831[21] -1 -2  SUtility:71
 18831[6] -1 -2  SUtility:6
 12459[18] -1 12523[36] -1 12531[24] -1 -2  SUtility:78
 12451[6] -1 12621[15] -1 12663[1] -1 12847[8] -1 18419[9] -1 18447[8] -1 18455[2] -1 18547[42] -1 18611[9] -1 18619[9] -1 18675[50] -1 18707[42] -1 18795[40] -1 18855[32] -1 18863[16] -1 -2  SUtility:289
 12739[28] -1 12835[14] -1 12847[2] -1 18419[2] -1 18535[10] -1 18611[6] -1 18651[12] -1 18855[80] -1 20803[30] -1 -2  SUtility:184
 12451[6] -1 12783[9] -1 18831[27] -1 -2  SUtility:42
 18619[6] -1 -2  SUtility:6
 18863[32] -1 -2  SUtility:32
 18639[3] -1 -2  SUtility:3
 12431[28] -1 -2  SUtility:28
 12403[20] -1 12411[2] -1 12487[2] -1 -2  SUtility:24
 10311[2] -1 12607[6] -1 -2  SUtility:8
 12451[27] -1 12751[5] -1 -2  SUtility:32
 12879[20] -1 -2  SUtility:20
 12411[10] -1 12515[15] -1 -2  SUtility:25
 10311[10] -1 12355[4] -1 12699[60] -1 12895[2] -1 -2  SUtility:76
 10311[3] -1 12479[14] -1 12483[7] -1 12487[6] -1 12507[4] -1 12643[2] -1 12659[40] -1 -2  SUtility:76
 10295[20] -1 10307[4] -1 12447[21] -1 12495[20] -1 18691[27] -1 18879[12] -1 -2  SUtility:104
 12483[5] -1 12555[15] -1 18871[6] -1 -2  SUtility:26
 12567[9] -1 -2  SUtility:9
 12411[2] -1 -2  SUtility:2
 10307[20] -1 12411[9] -1 12663[3] -1 12679[45] -1 12895[20] -1 -2  SUtility:97
 12431[28] -1 -2  SUtility:28
 12847[12] -1 -2  SUtility:12
 12621[3] -1 18855[72] -1 -2  SUtility:75
 12355[5] -1 -2  SUtility:5
 12579[25] -1 -2  SUtility:25
 12511[16] -1 -2  SUtility:16
 12559[70] -1 12683[40] -1 12719[32] -1 12731[40] -1 12759[9] -1 12819[9] -1 -2  SUtility:200
 18691[15] -1 -2  SUtility:15
 12371[18] -1 12691[10] -1 -2  SUtility:28
 12299[21] -1 12371[18] -1 12395[50] -1 12419[30] -1 12439[5] -1 -2  SUtility:124
 10291[4] -1 10295[35] -1 10299[12] -1 10303[6] -1 10307[20] -1 10311[7] -1 10319[2] -1 10829[27] -1 10833[3] -1 10837[24] -1 10841[8] -1 10845[6] -1 10853[5] -1 10857[8] -1 10861[2] -1 10865[3] -1 10869[42] -1 10877[14] -1 10881[15] -1 12299[21] -1 12323[4] -1 12327[16] -1 12331[21] -1 12335[8] -1 12339[18] -1 12343[20] -1 12347[16] -1 12351[30] -1 12355[2] -1 12367[20] -1 12371[54] -1 12375[28] -1 12395[35] -1 12399[20] -1 12403[2] -1 12407[20] -1 12411[7] -1 12415[2] -1 12419[12] -1 12423[16] -1 12427[45] -1 12431[16] -1 12435[12] -1 12439[9] -1 12443[54] -1 12447[35] -1 12451[12] -1 12459[4] -1 12463[20] -1 12467[12] -1 12483[9] -1 12487[8] -1 12491[15] -1 12495[50] -1 12607[21] -1 12611[3] -1 12615[48] -1 12621[6] -1 12627[8] -1 12631[40] -1 12643[10] -1 12647[16] -1 12651[63] -1 12659[48] -1 12663[8] -1 12667[5] -1 12671[4] -1 12683[40] -1 12711[8] -1 12715[30] -1 12719[4] -1 12723[18] -1 12731[40] -1 12735[25] -1 12739[28] -1 12743[2] -1 12747[30] -1 12751[2] -1 12755[48] -1 12759[21] -1 12763[6] -1 12767[15] -1 12771[28] -1 12775[15] -1 12779[10] -1 12783[24] -1 12787[35] -1 -2  SUtility:1625
 10295[25] -1 10307[2] -1 10311[2] -1 10315[5] -1 12559[63] -1 12567[30] -1 12627[6] -1 12663[8] -1 12679[25] -1 12683[20] -1 18619[5] -1 18671[12] -1 18723[18] -1 -2  SUtility:221
 10295[40] -1 10307[4] -1 10311[6] -1 12487[16] -1 12571[10] -1 12683[16] -1 12687[20] -1 12703[8] -1 12795[7] -1 12819[1] -1 12823[1] -1 12875[12] -1 -2  SUtility:141
 10311[9] -1 12567[24] -1 12875[4] -1 -2  SUtility:37
 12447[63] -1 12751[8] -1 -2  SUtility:71
 12331[15] -1 -2  SUtility:15
 12483[8] -1 12487[14] -1 12547[1] -1 12567[24] -1 18619[5] -1 18723[9] -1 18735[21] -1 18787[6] -1 -2  SUtility:88
 10295[40] -1 10307[2] -1 10311[4] -1 10315[5] -1 12463[35] -1 12479[16] -1 12491[24] -1 12495[50] -1 12519[8] -1 12667[4] -1 12671[1] -1 12779[10] -1 12783[12] -1 12879[8] -1 18423[12] -1 -2  SUtility:231
 10295[20] -1 10299[2] -1 10303[2] -1 10311[10] -1 10315[4] -1 10319[5] -1 10829[21] -1 10837[40] -1 10841[28] -1 10869[24] -1 12451[24] -1 12487[12] -1 12523[32] -1 12563[8] -1 12571[4] -1 12583[12] -1 12587[3] -1 12591[7] -1 12621[15] -1 12687[10] -1 12699[6] -1 12703[5] -1 12715[3] -1 12727[4] -1 12731[32] -1 12771[36] -1 12831[27] -1 12859[5] -1 12875[20] -1 18419[4] -1 18423[32] -1 18427[4] -1 18431[6] -1 18499[18] -1 18507[6] -1 18519[16] -1 18523[16] -1 18535[16] -1 18579[15] -1 18619[10] -1 18635[20] -1 18643[45] -1 18655[2] -1 18663[30] -1 18683[10] -1 18723[9] -1 18735[42] -1 18787[6] -1 18807[7] -1 18847[12] -1 -2  SUtility:747
 10307[16] -1 10311[8] -1 10315[5] -1 10319[9] -1 12487[20] -1 12679[40] -1 12703[7] -1 -2  SUtility:105
 18691[6] -1 -2  SUtility:6
 12451[30] -1 12555[18] -1 -2  SUtility:48
 10307[2] -1 12431[8] -1 -2  SUtility:10
 12467[18] -1 12487[6] -1 -2  SUtility:24
 10311[10] -1 10829[24] -1 12463[5] -1 12591[6] -1 12899[24] -1 18507[4] -1 18651[4] -1 18707[12] -1 -2  SUtility:89
 10311[9] -1 10315[2] -1 12347[6] -1 12351[45] -1 12355[2] -1 12491[15] -1 12739[20] -1 12759[9] -1 -2  SUtility:108
 12679[25] -1 -2  SUtility:25
 10295[20] -1 12695[15] -1 12703[5] -1 12835[20] -1 12847[10] -1 -2  SUtility:70
 10307[14] -1 -2  SUtility:14
 12727[8] -1 18671[15] -1 -2  SUtility:23
 12367[16] -1 12403[18] -1 12447[28] -1 12451[15] -1 12503[2] -1 12515[15] -1 12547[7] -1 12551[24] -1 12555[15] -1 12591[7] -1 12611[6] -1 12621[24] -1 12631[35] -1 12663[1] -1 12667[4] -1 12687[14] -1 12723[60] -1 12731[28] -1 12747[15] -1 12755[64] -1 12771[4] -1 12787[35] -1 12827[25] -1 18427[14] -1 18547[70] -1 18659[1] -1 18707[30] -1 18723[9] -1 18775[24] -1 18827[15] -1 18831[18] -1 18863[4] -1 -2  SUtility:647
 12751[1] -1 -2  SUtility:1
 12559[7] -1 12763[8] -1 -2  SUtility:15
 12327[36] -1 12659[40] -1 -2  SUtility:76
 10833[9] -1 12339[21] -1 12431[28] -1 12515[9] -1 12519[20] -1 12683[32] -1 12687[8] -1 12691[16] -1 12695[24] -1 12723[6] -1 12771[28] -1 12795[2] -1 18691[9] -1 -2  SUtility:212
 10861[2] -1 -2  SUtility:2
 12427[30] -1 12431[20] -1 -2  SUtility:50
 18459[25] -1 -2  SUtility:25
 18847[40] -1 -2  SUtility:40
 10841[4] -1 10877[6] -1 12659[80] -1 18423[16] -1 -2  SUtility:106
 10845[20] -1 12427[10] -1 12559[70] -1 12667[4] -1 12799[28] -1 -2  SUtility:132
 12427[10] -1 12667[3] -1 12803[10] -1 12819[8] -1 -2  SUtility:31
 18635[18] -1 -2  SUtility:18
 10295[45] -1 10307[8] -1 10311[4] -1 10315[6] -1 10861[6] -1 10877[8] -1 12299[9] -1 12403[6] -1 12683[24] -1 12687[8] -1 12691[18] -1 12695[24] -1 18831[18] -1 -2  SUtility:184
 12355[7] -1 12411[6] -1 12559[49] -1 12667[8] -1 18467[4] -1 18483[30] -1 18527[12] -1 18611[9] -1 18619[6] -1 18787[6] -1 -2  SUtility:137
 10311[3] -1 12559[56] -1 12567[3] -1 18427[20] -1 18459[50] -1 18467[10] -1 18471[8] -1 18475[30] -1 18479[50] -1 18483[54] -1 18487[60] -1 18491[20] -1 18495[12] -1 18499[12] -1 18507[20] -1 18511[4] -1 18519[16] -1 18523[2] -1 18527[28] -1 18543[5] -1 18547[49] -1 18567[4] -1 18587[9] -1 18611[4] -1 18615[36] -1 18619[2] -1 18651[16] -1 18655[4] -1 18695[18] -1 -2  SUtility:605
 18423[8] -1 -2  SUtility:8
 10295[40] -1 10311[1] -1 10315[1] -1 12611[18] -1 12621[6] -1 12715[30] -1 12723[54] -1 12727[20] -1 18467[10] -1 18471[28] -1 18475[27] -1 18479[35] -1 18483[12] -1 18487[54] -1 18491[10] -1 18495[3] -1 18499[24] -1 18651[14] -1 18743[42] -1 18879[4] -1 -2  SUtility:433
 10311[3] -1 -2  SUtility:3
 12591[2] -1 -2  SUtility:2
 10307[20] -1 12621[30] -1 12783[9] -1 12895[12] -1 18691[24] -1 -2  SUtility:95
 18659[4] -1 18787[30] -1 -2  SUtility:34
 10319[2] -1 12551[15] -1 12567[18] -1 12755[16] -1 -2  SUtility:51
 10307[12] -1 -2  SUtility:12
 12411[2] -1 -2  SUtility:2
 10877[20] -1 12371[18] -1 12495[10] -1 12731[32] -1 18423[36] -1 18559[2] -1 18831[12] -1 -2  SUtility:130
 10307[8] -1 -2  SUtility:8
 12879[16] -1 -2  SUtility:16
 12879[8] -1 -2  SUtility:8
 18651[16] -1 -2  SUtility:16
 18523[2] -1 18587[21] -1 18619[3] -1 -2  SUtility:26
 12491[12] -1 12531[12] -1 12679[30] -1 12683[36] -1 12823[7] -1 18547[63] -1 -2  SUtility:160
 12783[18] -1 -2  SUtility:18
 12621[9] -1 -2  SUtility:9
 12439[2] -1 12723[42] -1 12731[32] -1 12747[9] -1 12751[6] -1 -2  SUtility:91
 12531[8] -1 12679[15] -1 12783[30] -1 12823[2] -1 12883[15] -1 -2  SUtility:70
 10303[3] -1 10307[6] -1 12299[9] -1 12395[30] -1 12591[3] -1 12621[9] -1 18827[12] -1 18871[27] -1 -2  SUtility:99
 12483[4] -1 12487[8] -1 12667[4] -1 -2  SUtility:16
 12775[18] -1 12783[27] -1 -2  SUtility:45
 18787[30] -1 -2  SUtility:30
 12663[10] -1 12723[24] -1 -2  SUtility:34
 12403[6] -1 12439[6] -1 12483[8] -1 12487[2] -1 12611[3] -1 12679[40] -1 12703[1] -1 12763[10] -1 12895[10] -1 18831[9] -1 -2  SUtility:95
 12399[18] -1 -2  SUtility:18
 12695[15] -1 12703[2] -1 -2  SUtility:17
 10311[2] -1 -2  SUtility:2
 12515[30] -1 -2  SUtility:30
 12323[32] -1 12547[5] -1 12551[24] -1 12559[70] -1 18595[14] -1 -2  SUtility:145
 18879[8] -1 -2  SUtility:8
 12411[3] -1 12439[9] -1 12515[21] -1 -2  SUtility:33
 12559[70] -1 12579[30] -1 12695[21] -1 -2  SUtility:121
 18547[7] -1 18551[5] -1 18651[12] -1 18707[42] -1 18863[32] -1 -2  SUtility:98
 12559[70] -1 12655[28] -1 12803[40] -1 -2  SUtility:138
 18599[10] -1 -2  SUtility:10
 12339[21] -1 -2  SUtility:21
 12403[8] -1 12411[3] -1 -2  SUtility:11
 18827[12] -1 -2  SUtility:12
 12463[45] -1 -2  SUtility:45
 12403[4] -1 12411[1] -1 -2  SUtility:5
 10849[21] -1 12355[7] -1 -2  SUtility:28
 18459[10] -1 -2  SUtility:10
 12415[1] -1 12463[50] -1 12475[4] -1 12563[2] -1 12867[3] -1 12895[4] -1 18675[15] -1 -2  SUtility:79
 12403[4] -1 12411[3] -1 12439[10] -1 12451[3] -1 -2  SUtility:20
 12515[18] -1 12747[21] -1 12755[8] -1 12771[4] -1 12895[10] -1 18635[2] -1 -2  SUtility:63
 12399[8] -1 12415[10] -1 12487[10] -1 12567[30] -1 12615[60] -1 12663[2] -1 12679[45] -1 12703[6] -1 12835[4] -1 12875[28] -1 12895[6] -1 18523[2] -1 -2  SUtility:211
 10299[14] -1 10307[8] -1 -2  SUtility:22
 12571[6] -1 -2  SUtility:6
 12751[7] -1 -2  SUtility:7
 12479[18] -1 12783[6] -1 -2  SUtility:24
 12607[12] -1 -2  SUtility:12
 12879[8] -1 -2  SUtility:8
 18727[40] -1 27385[4] -1 -2  SUtility:44
 10311[2] -1 12483[1] -1 12787[20] -1 -2  SUtility:23
 12411[5] -1 -2  SUtility:5
 12679[45] -1 -2  SUtility:45
 12763[14] -1 -2  SUtility:14
 12371[36] -1 -2  SUtility:36
 18523[20] -1 18587[9] -1 18671[12] -1 18831[18] -1 -2  SUtility:59
 12399[2] -1 12559[35] -1 18691[30] -1 -2  SUtility:67
 12395[20] -1 -2  SUtility:20
 12621[15] -1 -2  SUtility:15
 12299[3] -1 12323[36] -1 12367[20] -1 12415[7] -1 20807[1] -1 -2  SUtility:67
 12559[49] -1 12823[1] -1 -2  SUtility:50
 10311[2] -1 12551[30] -1 12555[24] -1 12559[63] -1 12563[18] -1 18423[4] -1 18547[42] -1 18551[25] -1 18787[30] -1 -2  SUtility:238
 12819[1] -1 12823[3] -1 -2  SUtility:4
 12519[20] -1 -2  SUtility:20
 12621[27] -1 -2  SUtility:27
 12621[15] -1 -2  SUtility:15
 10295[10] -1 10311[3] -1 10315[5] -1 12479[20] -1 12483[4] -1 12487[4] -1 -2  SUtility:46
 18547[63] -1 -2  SUtility:63
 18663[15] -1 -2  SUtility:15
 10295[50] -1 -2  SUtility:50
 12663[5] -1 12895[12] -1 -2  SUtility:17
 12411[8] -1 -2  SUtility:8
 12515[3] -1 -2  SUtility:3
 10307[8] -1 10311[5] -1 12471[3] -1 12491[30] -1 -2  SUtility:46
 10849[6] -1 12891[3] -1 -2  SUtility:9
 10295[45] -1 10299[10] -1 10307[6] -1 -2  SUtility:61
 12675[21] -1 12679[15] -1 12723[36] -1 -2  SUtility:72
 12867[6] -1 -2  SUtility:6
 10315[1] -1 12567[27] -1 12875[28] -1 18743[24] -1 18787[36] -1 -2  SUtility:116
 12411[7] -1 -2  SUtility:7
 12627[20] -1 -2  SUtility:20
 12419[60] -1 -2  SUtility:60
 12867[15] -1 -2  SUtility:15
 12411[9] -1 18831[15] -1 -2  SUtility:24
 18603[7] -1 -2  SUtility:7
 12559[7] -1 -2  SUtility:7
 10291[8] -1 10295[45] -1 10299[12] -1 10307[2] -1 10315[3] -1 10857[40] -1 10861[6] -1 10865[3] -1 12479[20] -1 12523[20] -1 12527[21] -1 12531[28] -1 12627[6] -1 12631[20] -1 12655[20] -1 12683[40] -1 12687[16] -1 12691[12] -1 12695[24] -1 12723[36] -1 12795[9] -1 12803[20] -1 12815[8] -1 12819[10] -1 12831[12] -1 12895[6] -1 -2  SUtility:447
 12431[8] -1 -2  SUtility:8
 12463[20] -1 -2  SUtility:20
 12567[30] -1 -2  SUtility:30
 12679[35] -1 -2  SUtility:35
 10877[10] -1 -2  SUtility:10
 10861[18] -1 -2  SUtility:18
 10833[5] -1 10849[30] -1 -2  SUtility:35
 18599[6] -1 -2  SUtility:6
 12447[49] -1 -2  SUtility:49
 18831[18] -1 -2  SUtility:18
 12751[6] -1 -2  SUtility:6
 10307[12] -1 12323[20] -1 12611[30] -1 12615[24] -1 12679[5] -1 12755[72] -1 12767[10] -1 12771[32] -1 18423[20] -1 18451[12] -1 18543[9] -1 -2  SUtility:246
 12367[20] -1 12679[15] -1 -2  SUtility:35
 12343[40] -1 12351[15] -1 12621[15] -1 12627[4] -1 -2  SUtility:74
 12419[18] -1 -2  SUtility:18
 12431[4] -1 12695[30] -1 -2  SUtility:34
 12695[30] -1 -2  SUtility:30
 10303[5] -1 12559[63] -1 12759[24] -1 12807[8] -1 12895[8] -1 -2  SUtility:108
 10295[40] -1 12447[63] -1 12451[12] -1 12621[27] -1 12695[3] -1 12727[8] -1 12819[8] -1 12823[7] -1 12867[24] -1 18431[18] -1 18723[18] -1 18871[12] -1 -2  SUtility:240
 18547[56] -1 -2  SUtility:56
 12367[28] -1 12395[35] -1 12403[2] -1 -2  SUtility:65
 18619[8] -1 -2  SUtility:8
 12779[4] -1 12783[30] -1 18635[4] -1 18723[9] -1 -2  SUtility:47
 10311[4] -1 -2  SUtility:4
 12759[18] -1 -2  SUtility:18
 12511[20] -1 12627[8] -1 12683[40] -1 12695[3] -1 12699[36] -1 18547[70] -1 18707[60] -1 -2  SUtility:237
 12399[18] -1 -2  SUtility:18
 10295[10] -1 10307[20] -1 12815[16] -1 12895[10] -1 -2  SUtility:56
 12411[7] -1 -2  SUtility:7
 12407[16] -1 12575[20] -1 -2  SUtility:36
 18579[9] -1 18723[9] -1 18787[54] -1 18831[3] -1 -2  SUtility:75
 18419[7] -1 18423[32] -1 18427[6] -1 18431[10] -1 -2  SUtility:55
 18511[20] -1 -2  SUtility:20
 10311[2] -1 -2  SUtility:2
 18787[30] -1 -2  SUtility:30
 10311[1] -1 12711[32] -1 -2  SUtility:33
 12371[36] -1 12395[45] -1 -2  SUtility:81
 12355[5] -1 -2  SUtility:5
 18499[9] -1 18787[12] -1 -2  SUtility:21
 12863[20] -1 -2  SUtility:20
 10311[1] -1 18787[60] -1 -2  SUtility:61
 12663[4] -1 -2  SUtility:4
 12547[6] -1 12611[9] -1 12621[30] -1 18563[1] -1 -2  SUtility:46
 10315[8] -1 -2  SUtility:8
 12495[40] -1 12807[9] -1 18603[7] -1 18787[42] -1 -2  SUtility:98
 12621[6] -1 12731[4] -1 18723[15] -1 -2  SUtility:25
 10857[24] -1 12743[7] -1 12763[2] -1 -2  SUtility:33
 12427[15] -1 12515[12] -1 18603[3] -1 18787[24] -1 -2  SUtility:54
 12567[15] -1 -2  SUtility:15
 10291[5] -1 10299[12] -1 10303[10] -1 10307[6] -1 10311[7] -1 10319[5] -1 12479[20] -1 12483[7] -1 12607[3] -1 12611[12] -1 12615[30] -1 12621[15] -1 12683[4] -1 12695[3] -1 12703[5] -1 12711[36] -1 12715[21] -1 12719[40] -1 12723[6] -1 12727[8] -1 12731[28] -1 12747[15] -1 12751[4] -1 12759[27] -1 12767[15] -1 12771[28] -1 12775[24] -1 12779[8] -1 12783[3] -1 12787[10] -1 -2  SUtility:417
 12447[21] -1 -2  SUtility:21
 12715[15] -1 -2  SUtility:15
 10307[8] -1 12351[50] -1 -2  SUtility:58
 10311[5] -1 12515[6] -1 -2  SUtility:11
 10829[24] -1 -2  SUtility:24
 18855[48] -1 -2  SUtility:48
 12471[5] -1 12663[9] -1 12895[10] -1 18443[10] -1 18563[4] -1 -2  SUtility:38
 12621[24] -1 -2  SUtility:24
 12299[9] -1 12411[5] -1 12419[6] -1 12679[15] -1 12895[12] -1 -2  SUtility:47
 12507[5] -1 18831[12] -1 -2  SUtility:17
 12483[4] -1 -2  SUtility:4
 12347[16] -1 12355[6] -1 12759[3] -1 -2  SUtility:25
 12403[10] -1 -2  SUtility:10
 10307[2] -1 12715[12] -1 -2  SUtility:14
 12407[2] -1 -2  SUtility:2
 10841[12] -1 12723[48] -1 -2  SUtility:60
 12559[56] -1 -2  SUtility:56
 12559[42] -1 -2  SUtility:42
 12695[12] -1 -2  SUtility:12
 12771[20] -1 -2  SUtility:20
 12883[18] -1 18831[3] -1 -2  SUtility:21
 12679[50] -1 -2  SUtility:50
 18787[12] -1 -2  SUtility:12
 12567[27] -1 -2  SUtility:27
 12807[8] -1 12823[6] -1 -2  SUtility:14
 12371[24] -1 12395[35] -1 12555[30] -1 12559[56] -1 12631[50] -1 12859[15] -1 18459[10] -1 18731[1] -1 18775[24] -1 18779[3] -1 18795[50] -1 18799[14] -1 18807[42] -1 18811[15] -1 18815[1] -1 18827[21] -1 18831[18] -1 18839[6] -1 18847[4] -1 18855[48] -1 18863[20] -1 20803[15] -1 20807[9] -1 27389[1] -1 -2  SUtility:512
 12411[2] -1 12847[4] -1 -2  SUtility:6
 12775[12] -1 18523[16] -1 -2  SUtility:28
 12731[36] -1 -2  SUtility:36
 12575[45] -1 -2  SUtility:45
 12819[10] -1 -2  SUtility:10
 10881[27] -1 -2  SUtility:27
 10299[2] -1 10307[12] -1 10315[8] -1 10829[24] -1 12831[6] -1 18659[3] -1 18727[40] -1 -2  SUtility:95
 12547[4] -1 12555[24] -1 18787[36] -1 -2  SUtility:64
 18743[24] -1 -2  SUtility:24
 12847[16] -1 18847[28] -1 -2  SUtility:44
 10311[8] -1 12411[9] -1 12621[18] -1 12663[10] -1 12683[24] -1 12715[9] -1 12807[4] -1 12819[8] -1 12879[24] -1 12895[12] -1 18523[20] -1 18683[6] -1 18831[21] -1 -2  SUtility:173
 12683[12] -1 18831[21] -1 -2  SUtility:33
 12431[4] -1 -2  SUtility:4
 12807[5] -1 12879[32] -1 12895[2] -1 -2  SUtility:39
 12559[42] -1 12723[30] -1 12727[36] -1 -2  SUtility:108
 12523[4] -1 12663[6] -1 12679[50] -1 12683[28] -1 12851[21] -1 -2  SUtility:109
 12895[8] -1 -2  SUtility:8
 12559[63] -1 -2  SUtility:63
 12323[36] -1 12655[12] -1 -2  SUtility:48
 12751[9] -1 12755[48] -1 -2  SUtility:57
 12743[7] -1 12819[4] -1 18671[15] -1 -2  SUtility:26
 12795[7] -1 12839[6] -1 12867[21] -1 12891[30] -1 -2  SUtility:64
 12459[2] -1 12463[30] -1 12467[20] -1 12471[2] -1 12475[16] -1 12479[10] -1 12483[8] -1 12487[12] -1 12491[24] -1 12495[30] -1 12559[70] -1 12663[5] -1 18707[36] -1 -2  SUtility:265
 12627[16] -1 18723[6] -1 18871[18] -1 -2  SUtility:40
 12895[10] -1 -2  SUtility:10
 12683[28] -1 12695[6] -1 12827[35] -1 18751[3] -1 -2  SUtility:72
 12411[5] -1 12431[4] -1 12439[10] -1 12679[35] -1 -2  SUtility:54
 10307[16] -1 12403[8] -1 12411[6] -1 -2  SUtility:30
 12415[3] -1 -2  SUtility:3
 12899[15] -1 -2  SUtility:15
 12339[6] -1 -2  SUtility:6
 18847[28] -1 -2  SUtility:28
 18847[8] -1 -2  SUtility:8
 10315[5] -1 12667[10] -1 12895[4] -1 -2  SUtility:19
 10307[10] -1 -2  SUtility:10
 10833[3] -1 -2  SUtility:3
 12679[40] -1 12883[3] -1 -2  SUtility:43
 12487[14] -1 12495[40] -1 12567[27] -1 12795[7] -1 12819[1] -1 12823[7] -1 -2  SUtility:96
 12679[30] -1 12699[12] -1 12703[2] -1 12803[30] -1 12807[4] -1 12827[40] -1 12831[24] -1 -2  SUtility:142
 12371[42] -1 -2  SUtility:42
 12895[12] -1 -2  SUtility:12
 12595[4] -1 12731[8] -1 12903[15] -1 18487[60] -1 18523[18] -1 18587[12] -1 18671[30] -1 -2  SUtility:147
 12843[18] -1 12847[10] -1 -2  SUtility:28
 12867[6] -1 -2  SUtility:6
 12627[18] -1 -2  SUtility:18
 10307[4] -1 -2  SUtility:4
 12783[9] -1 -2  SUtility:9
 10307[16] -1 12559[28] -1 12895[4] -1 18559[4] -1 -2  SUtility:52
 10307[14] -1 -2  SUtility:14
 12559[14] -1 12695[18] -1 12703[1] -1 -2  SUtility:33
 12515[6] -1 12519[12] -1 18431[16] -1 18603[10] -1 18647[9] -1 18723[30] -1 18787[24] -1 -2  SUtility:107
 10311[8] -1 12547[4] -1 12555[30] -1 12679[25] -1 -2  SUtility:67
 10849[24] -1 -2  SUtility:24
 12555[9] -1 12563[16] -1 12715[21] -1 12723[54] -1 12727[36] -1 12735[40] -1 12739[32] -1 12743[6] -1 12747[12] -1 12751[7] -1 12759[18] -1 12763[20] -1 12767[40] -1 12771[16] -1 12775[21] -1 12779[2] -1 -2  SUtility:350
 12847[10] -1 -2  SUtility:10
 12723[24] -1 -2  SUtility:24
 12419[48] -1 12483[5] -1 12487[14] -1 -2  SUtility:67
 12395[5] -1 12399[18] -1 -2  SUtility:23
 10861[4] -1 -2  SUtility:4
 12415[10] -1 -2  SUtility:10
 12347[4] -1 12355[4] -1 -2  SUtility:8
 12715[12] -1 12719[12] -1 12723[18] -1 12727[16] -1 12731[20] -1 12739[16] -1 12747[27] -1 12751[1] -1 12755[80] -1 12767[35] -1 12771[28] -1 12775[6] -1 12779[16] -1 12787[50] -1 18847[36] -1 -2  SUtility:373
 12735[30] -1 -2  SUtility:30
 12611[18] -1 12621[30] -1 18683[4] -1 18831[24] -1 -2  SUtility:76
 18523[4] -1 -2  SUtility:4
 12431[24] -1 12663[6] -1 12667[3] -1 -2  SUtility:33
 18723[9] -1 -2  SUtility:9
 12479[10] -1 -2  SUtility:10
 18787[6] -1 -2  SUtility:6
 12875[12] -1 -2  SUtility:12
 12621[12] -1 -2  SUtility:12
 18775[24] -1 -2  SUtility:24
 12895[2] -1 -2  SUtility:2
 12403[4] -1 12663[8] -1 -2  SUtility:12
 10307[18] -1 12491[18] -1 12651[14] -1 20807[10] -1 -2  SUtility:60
 12483[2] -1 -2  SUtility:2
 12551[15] -1 12567[12] -1 12783[18] -1 -2  SUtility:45
 12723[36] -1 -2  SUtility:36
 12347[10] -1 12355[7] -1 -2  SUtility:17
 12679[50] -1 12815[16] -1 12895[18] -1 -2  SUtility:84
 12347[20] -1 12355[8] -1 12431[24] -1 12483[2] -1 12547[9] -1 12611[3] -1 12715[30] -1 12775[24] -1 12783[12] -1 -2  SUtility:132
 12715[24] -1 12847[2] -1 18707[30] -1 -2  SUtility:56
 12883[9] -1 -2  SUtility:9
 12691[4] -1 -2  SUtility:4
 12411[2] -1 12531[24] -1 12663[8] -1 12687[14] -1 18587[18] -1 -2  SUtility:66
 10295[45] -1 -2  SUtility:45
 12719[32] -1 12723[6] -1 12727[40] -1 -2  SUtility:78
 12327[4] -1 12355[4] -1 12775[30] -1 12895[14] -1 -2  SUtility:52
 12431[28] -1 18707[42] -1 18715[8] -1 18719[27] -1 18723[27] -1 18727[24] -1 18731[5] -1 18735[70] -1 27385[20] -1 -2  SUtility:251
 10295[45] -1 10307[6] -1 10311[4] -1 12563[6] -1 12579[45] -1 12907[6] -1 -2  SUtility:112
 10311[1] -1 12703[2] -1 -2  SUtility:3
 12815[4] -1 -2  SUtility:4
 18855[24] -1 -2  SUtility:24
 12571[8] -1 12679[35] -1 12695[18] -1 12699[24] -1 12703[9] -1 -2  SUtility:94
 10849[12] -1 -2  SUtility:12
 12367[12] -1 -2  SUtility:12
 10833[1] -1 10841[16] -1 12823[2] -1 -2  SUtility:19
 10307[20] -1 -2  SUtility:20
 10311[2] -1 -2  SUtility:2
 20807[7] -1 -2  SUtility:7
 12431[16] -1 18423[36] -1 18551[50] -1 -2  SUtility:102
 12415[9] -1 12679[10] -1 12783[30] -1 12895[20] -1 18831[3] -1 -2  SUtility:72
 12395[30] -1 12415[6] -1 -2  SUtility:36
 10307[20] -1 -2  SUtility:20
 10307[8] -1 -2  SUtility:8
 18547[35] -1 -2  SUtility:35
 12883[24] -1 -2  SUtility:24
 10311[1] -1 12475[10] -1 12483[2] -1 12487[12] -1 12555[27] -1 12621[30] -1 12627[4] -1 12631[15] -1 12691[20] -1 12695[9] -1 12703[8] -1 12787[30] -1 12903[30] -1 -2  SUtility:198
 12621[6] -1 12663[9] -1 -2  SUtility:15
 12723[30] -1 -2  SUtility:30
 12679[45] -1 -2  SUtility:45
 10295[50] -1 12679[45] -1 -2  SUtility:95
 12695[12] -1 -2  SUtility:12
 10295[30] -1 10307[20] -1 10311[4] -1 12515[15] -1 12819[1] -1 -2  SUtility:70
 12751[6] -1 -2  SUtility:6
 12431[20] -1 -2  SUtility:20
 12347[10] -1 12371[24] -1 12395[50] -1 12431[12] -1 12559[63] -1 -2  SUtility:159
 12355[6] -1 -2  SUtility:6
 10311[5] -1 12699[18] -1 12703[8] -1 -2  SUtility:31
 12823[8] -1 -2  SUtility:8
 12659[72] -1 12863[14] -1 12879[16] -1 -2  SUtility:102
 10307[20] -1 12351[40] -1 12895[14] -1 -2  SUtility:74
 10295[30] -1 -2  SUtility:30
 10291[4] -1 10307[6] -1 12487[6] -1 12651[63] -1 12679[5] -1 12683[16] -1 12691[8] -1 12695[21] -1 12703[8] -1 12795[1] -1 12891[3] -1 -2  SUtility:141
 12411[4] -1 -2  SUtility:4
 18799[14] -1 -2  SUtility:14
 12431[8] -1 12783[15] -1 -2  SUtility:23
 10311[6] -1 12559[7] -1 18723[27] -1 18787[42] -1 -2  SUtility:82
 12347[12] -1 12355[7] -1 12795[7] -1 18427[10] -1 18459[30] -1 18615[20] -1 18619[8] -1 18767[24] -1 18855[24] -1 18863[32] -1 -2  SUtility:174
 12367[24] -1 -2  SUtility:24
 18523[10] -1 -2  SUtility:10
 12679[10] -1 12895[10] -1 -2  SUtility:20
 12491[15] -1 12879[20] -1 -2  SUtility:35
 12491[6] -1 -2  SUtility:6
 10311[7] -1 12395[30] -1 12411[6] -1 12663[5] -1 12751[2] -1 12759[27] -1 -2  SUtility:77
 18675[10] -1 -2  SUtility:10
 12523[28] -1 12683[4] -1 12771[4] -1 18699[7] -1 -2  SUtility:43
 12751[10] -1 -2  SUtility:10
 12695[15] -1 -2  SUtility:15
 12403[8] -1 12621[3] -1 12771[20] -1 18483[30] -1 18831[3] -1 -2  SUtility:64
 12651[14] -1 12655[32] -1 -2  SUtility:46
 12527[12] -1 12683[4] -1 -2  SUtility:16
 12459[20] -1 12463[15] -1 12467[2] -1 12475[2] -1 12663[5] -1 12667[5] -1 12671[5] -1 18431[2] -1 18443[45] -1 18447[9] -1 18451[4] -1 18487[30] -1 18499[18] -1 18507[8] -1 18511[6] -1 18515[16] -1 18519[14] -1 18523[14] -1 18527[20] -1 18563[9] -1 18595[4] -1 18599[18] -1 18603[6] -1 18619[5] -1 18659[1] -1 18671[12] -1 18675[50] -1 18679[32] -1 18683[8] -1 18691[18] -1 18695[27] -1 18699[8] -1 18703[20] -1 18707[42] -1 18711[4] -1 18715[9] -1 18719[18] -1 18723[6] -1 18727[12] -1 18731[3] -1 18735[35] -1 18755[25] -1 18763[40] -1 27385[4] -1 27389[10] -1 -2  SUtility:666
 10315[7] -1 12343[15] -1 12487[20] -1 12631[5] -1 12675[49] -1 12875[24] -1 12895[6] -1 12899[24] -1 -2  SUtility:150
 12555[15] -1 -2  SUtility:15
 12571[8] -1 -2  SUtility:8
 12351[30] -1 12771[4] -1 -2  SUtility:34
 12559[35] -1 12563[2] -1 -2  SUtility:37
 12723[48] -1 12727[4] -1 18831[9] -1 -2  SUtility:61
 18427[16] -1 18727[28] -1 -2  SUtility:44
 10833[9] -1 10837[40] -1 12559[14] -1 -2  SUtility:63
 18427[16] -1 -2  SUtility:16
 12775[21] -1 -2  SUtility:21
 18871[21] -1 18875[2] -1 18879[28] -1 18883[40] -1 -2  SUtility:91
 12819[8] -1 -2  SUtility:8
 12747[6] -1 -2  SUtility:6
 10311[9] -1 -2  SUtility:9
 12355[5] -1 12583[32] -1 12659[16] -1 18467[10] -1 18475[12] -1 -2  SUtility:75
 12687[18] -1 12847[4] -1 -2  SUtility:22
 12823[2] -1 -2  SUtility:2
 12407[8] -1 18831[9] -1 -2  SUtility:17
 12403[20] -1 -2  SUtility:20
 12739[32] -1 -2  SUtility:32
 12891[18] -1 -2  SUtility:18
 18423[4] -1 -2  SUtility:4
 12621[9] -1 -2  SUtility:9
 12663[2] -1 -2  SUtility:2
 12443[54] -1 12451[15] -1 12691[2] -1 12723[30] -1 12751[7] -1 12775[30] -1 12795[10] -1 18491[2] -1 18547[42] -1 18619[5] -1 18707[36] -1 18775[12] -1 -2  SUtility:245
 10311[6] -1 10833[6] -1 12395[5] -1 12419[30] -1 12427[20] -1 12435[40] -1 12507[2] -1 12775[15] -1 12847[8] -1 18439[48] -1 18507[18] -1 18511[2] -1 18583[21] -1 18587[6] -1 18595[16] -1 18599[10] -1 18603[7] -1 18619[8] -1 18627[32] -1 18659[5] -1 18671[24] -1 18679[24] -1 18695[18] -1 18787[18] -1 18847[12] -1 20807[6] -1 -2  SUtility:407
 10877[20] -1 -2  SUtility:20
 12823[5] -1 -2  SUtility:5
 10299[16] -1 12751[4] -1 -2  SUtility:20
 18879[28] -1 -2  SUtility:28
 12579[20] -1 12583[16] -1 -2  SUtility:36
 18775[3] -1 18779[18] -1 18863[40] -1 20807[9] -1 -2  SUtility:70
 18831[18] -1 -2  SUtility:18
 12731[28] -1 12771[20] -1 -2  SUtility:48
 10307[2] -1 10311[6] -1 12487[10] -1 12519[40] -1 12621[21] -1 12643[10] -1 12895[12] -1 18671[3] -1 -2  SUtility:104
 10311[10] -1 -2  SUtility:10
 12663[1] -1 18855[56] -1 18863[36] -1 -2  SUtility:93
 10295[10] -1 12895[6] -1 -2  SUtility:16
 12483[9] -1 12567[27] -1 12903[12] -1 18467[9] -1 18487[54] -1 18499[18] -1 18507[12] -1 18523[10] -1 18535[2] -1 18563[6] -1 18595[16] -1 18599[8] -1 18659[8] -1 18663[35] -1 18675[25] -1 18679[20] -1 18683[4] -1 18691[24] -1 18787[30] -1 18847[28] -1 -2  SUtility:357
 12439[2] -1 -2  SUtility:2
 12483[9] -1 -2  SUtility:9
 12367[12] -1 12403[2] -1 12895[10] -1 -2  SUtility:24
 12395[15] -1 -2  SUtility:15
 12819[1] -1 12823[8] -1 18727[36] -1 -2  SUtility:45
 10307[10] -1 -2  SUtility:10
 12419[6] -1 12447[21] -1 12487[8] -1 12503[1] -1 12515[30] -1 18487[60] -1 18871[12] -1 -2  SUtility:138
 12559[28] -1 12723[24] -1 12727[16] -1 -2  SUtility:68
 10311[2] -1 12439[3] -1 12447[14] -1 12643[10] -1 12679[30] -1 12747[24] -1 18459[35] -1 18467[3] -1 18655[2] -1 18707[6] -1 -2  SUtility:129
 12559[49] -1 -2  SUtility:49
 12559[49] -1 -2  SUtility:49
 12675[49] -1 -2  SUtility:49
 12339[21] -1 12447[14] -1 -2  SUtility:35
 12567[3] -1 18787[18] -1 -2  SUtility:21
 18583[30] -1 -2  SUtility:30
 12431[40] -1 12847[16] -1 -2  SUtility:56
 12491[15] -1 12823[2] -1 -2  SUtility:17
 12355[10] -1 -2  SUtility:10
 18443[5] -1 -2  SUtility:5
 10853[10] -1 -2  SUtility:10
 10877[16] -1 12627[10] -1 12871[15] -1 12895[12] -1 -2  SUtility:53
 10829[27] -1 -2  SUtility:27
 12687[14] -1 -2  SUtility:14
 12351[40] -1 -2  SUtility:40
 10307[18] -1 12487[10] -1 12679[5] -1 12691[4] -1 12895[16] -1 -2  SUtility:53
 12327[4] -1 12515[30] -1 -2  SUtility:34
 12559[7] -1 -2  SUtility:7
 10311[4] -1 -2  SUtility:4
 10295[20] -1 -2  SUtility:20
 12451[15] -1 12511[16] -1 -2  SUtility:31
 12515[12] -1 12723[18] -1 12735[30] -1 12751[4] -1 12755[48] -1 -2  SUtility:112
 12631[30] -1 -2  SUtility:30
 12511[20] -1 -2  SUtility:20
 12403[10] -1 12411[2] -1 18651[16] -1 -2  SUtility:28
 12871[21] -1 12895[20] -1 18583[9] -1 -2  SUtility:50
 10295[10] -1 10311[10] -1 10315[1] -1 12355[4] -1 12411[1] -1 12463[50] -1 12483[7] -1 12507[4] -1 12555[24] -1 12563[18] -1 12587[24] -1 12621[21] -1 12695[15] -1 12795[2] -1 18475[24] -1 18651[6] -1 18683[9] -1 18879[32] -1 -2  SUtility:262
 18459[5] -1 -2  SUtility:5
 12343[40] -1 -2  SUtility:40
 12747[9] -1 -2  SUtility:9
 12663[2] -1 12667[10] -1 -2  SUtility:12
 12663[2] -1 -2  SUtility:2
 12803[25] -1 18847[12] -1 -2  SUtility:37
 12483[2] -1 12551[27] -1 12563[10] -1 12591[4] -1 12643[8] -1 12647[6] -1 12651[63] -1 12687[18] -1 12691[4] -1 12695[15] -1 12699[60] -1 12703[4] -1 12819[1] -1 18547[70] -1 18595[20] -1 18707[12] -1 18715[7] -1 18787[48] -1 18863[12] -1 -2  SUtility:391
 12479[10] -1 -2  SUtility:10
 18831[9] -1 -2  SUtility:9
 10311[4] -1 12451[9] -1 12483[4] -1 12487[12] -1 12555[12] -1 12615[42] -1 12621[27] -1 12731[12] -1 12895[18] -1 18459[20] -1 18723[6] -1 18787[60] -1 18871[15] -1 -2  SUtility:241
 12687[16] -1 18595[16] -1 -2  SUtility:32
 12547[8] -1 12695[15] -1 12703[8] -1 -2  SUtility:31
 12783[12] -1 -2  SUtility:12
 10295[10] -1 10307[12] -1 -2  SUtility:22
 12663[1] -1 -2  SUtility:1
 12559[7] -1 12687[2] -1 12691[20] -1 20807[8] -1 -2  SUtility:37
 12895[8] -1 -2  SUtility:8
 10829[12] -1 12621[12] -1 12711[36] -1 -2  SUtility:60
 12427[15] -1 -2  SUtility:15
 18727[28] -1 -2  SUtility:28
 12607[27] -1 12621[6] -1 -2  SUtility:33
 12895[6] -1 -2  SUtility:6
 12347[14] -1 -2  SUtility:14
 12347[10] -1 -2  SUtility:10
 12621[18] -1 -2  SUtility:18
 12559[28] -1 -2  SUtility:28
 12695[18] -1 -2  SUtility:18
 12403[10] -1 12523[4] -1 12711[36] -1 12795[9] -1 12823[6] -1 18707[60] -1 18743[12] -1 -2  SUtility:137
 12515[30] -1 12519[36] -1 12895[8] -1 -2  SUtility:74
 12679[25] -1 -2  SUtility:25
 12783[21] -1 -2  SUtility:21
 10295[35] -1 10311[8] -1 12683[4] -1 12695[18] -1 12703[6] -1 -2  SUtility:71
 12351[45] -1 -2  SUtility:45
 12891[21] -1 -2  SUtility:21
 12483[1] -1 12555[24] -1 12615[12] -1 12731[28] -1 12771[4] -1 -2  SUtility:69
 12411[7] -1 -2  SUtility:7
 12621[18] -1 -2  SUtility:18
 10833[10] -1 12559[28] -1 -2  SUtility:38
 12663[10] -1 12679[5] -1 12823[5] -1 -2  SUtility:20
 12447[70] -1 -2  SUtility:70
 12367[24] -1 -2  SUtility:24
 10295[50] -1 10307[20] -1 10841[12] -1 12471[5] -1 12495[25] -1 12523[32] -1 12527[9] -1 12559[35] -1 12607[15] -1 12627[4] -1 12655[28] -1 12663[9] -1 12723[48] -1 12783[3] -1 12819[9] -1 12823[7] -1 12879[28] -1 12887[40] -1 -2  SUtility:379
 12511[32] -1 12515[18] -1 12519[8] -1 -2  SUtility:58
 12407[2] -1 12507[4] -1 -2  SUtility:6
 12411[4] -1 -2  SUtility:4
 12663[3] -1 -2  SUtility:3
 10307[2] -1 -2  SUtility:2
 12751[6] -1 -2  SUtility:6
 10295[5] -1 10311[8] -1 -2  SUtility:13
 10303[10] -1 -2  SUtility:10
 12783[6] -1 -2  SUtility:6
 12567[30] -1 12583[20] -1 -2  SUtility:50
 10877[10] -1 12419[12] -1 -2  SUtility:22
 12783[3] -1 -2  SUtility:3
 10307[14] -1 12399[6] -1 -2  SUtility:20
 18727[12] -1 -2  SUtility:12
 12515[3] -1 12715[27] -1 18723[18] -1 -2  SUtility:48
 12463[5] -1 -2  SUtility:5
 10291[5] -1 12531[8] -1 12631[35] -1 -2  SUtility:48
 12567[9] -1 12679[10] -1 -2  SUtility:19
 12503[10] -1 12507[8] -1 12511[20] -1 12515[9] -1 12519[32] -1 -2  SUtility:79
 12747[3] -1 -2  SUtility:3
 18539[5] -1 18831[18] -1 -2  SUtility:23
 12459[18] -1 12463[20] -1 12467[6] -1 12491[9] -1 12495[50] -1 12523[12] -1 12567[30] -1 12663[8] -1 12679[10] -1 12807[9] -1 12851[30] -1 12879[24] -1 12895[2] -1 12899[6] -1 12903[15] -1 12907[5] -1 18559[5] -1 18707[60] -1 18719[21] -1 -2  SUtility:340
 18723[15] -1 -2  SUtility:15
 12691[12] -1 -2  SUtility:12
 12723[54] -1 -2  SUtility:54
 12621[3] -1 -2  SUtility:3
 18431[10] -1 -2  SUtility:10
 12559[70] -1 12563[4] -1 -2  SUtility:74
 18579[24] -1 18727[40] -1 20807[7] -1 -2  SUtility:71
 12679[30] -1 -2  SUtility:30
 10311[9] -1 -2  SUtility:9
 12559[21] -1 18707[48] -1 -2  SUtility:69
 18467[3] -1 18475[15] -1 18479[45] -1 18483[24] -1 18491[6] -1 18499[3] -1 18527[28] -1 18679[16] -1 -2  SUtility:140
 12515[24] -1 -2  SUtility:24
 10861[2] -1 -2  SUtility:2
 18431[18] -1 18475[6] -1 18499[18] -1 -2  SUtility:42
 12559[63] -1 -2  SUtility:63
 12875[36] -1 -2  SUtility:36
 18795[50] -1 18799[10] -1 -2  SUtility:60
 12519[40] -1 12687[12] -1 12895[10] -1 -2  SUtility:62
 12903[21] -1 -2  SUtility:21
 12643[4] -1 12651[14] -1 12667[6] -1 12671[3] -1 -2  SUtility:27
 12483[5] -1 12621[18] -1 12775[3] -1 -2  SUtility:26
 12527[9] -1 12695[21] -1 -2  SUtility:30
 10829[3] -1 -2  SUtility:3
 12419[30] -1 -2  SUtility:30
 12559[49] -1 -2  SUtility:49
 18523[12] -1 -2  SUtility:12
 18727[16] -1 -2  SUtility:16
 12447[28] -1 12451[6] -1 12775[24] -1 12875[40] -1 -2  SUtility:98
 12727[16] -1 -2  SUtility:16
 10315[10] -1 -2  SUtility:10
 12411[1] -1 12679[50] -1 12715[6] -1 -2  SUtility:57
 12403[4] -1 -2  SUtility:4
 12399[4] -1 12495[5] -1 12663[4] -1 12835[14] -1 -2  SUtility:27
 10307[16] -1 -2  SUtility:16
 18847[12] -1 -2  SUtility:12
 18847[4] -1 -2  SUtility:4
 10307[8] -1 12691[12] -1 12819[9] -1 -2  SUtility:29
 12507[5] -1 -2  SUtility:5
 10311[10] -1 10315[10] -1 12547[8] -1 12559[35] -1 -2  SUtility:63
 10311[5] -1 10315[8] -1 12547[7] -1 12559[14] -1 -2  SUtility:34
 12567[12] -1 -2  SUtility:12
 10311[4] -1 -2  SUtility:4
 12403[14] -1 -2  SUtility:14
 12323[40] -1 -2  SUtility:40
 12339[6] -1 -2  SUtility:6
 12323[32] -1 -2  SUtility:32
 12403[14] -1 -2  SUtility:14
 12323[36] -1 -2  SUtility:36
 12403[10] -1 -2  SUtility:10
 10319[6] -1 12475[18] -1 -2  SUtility:24
 12323[32] -1 -2  SUtility:32
 18507[16] -1 18679[8] -1 -2  SUtility:24
 12895[4] -1 18459[15] -1 -2  SUtility:19
 12695[12] -1 12819[1] -1 18459[45] -1 -2  SUtility:58
 12515[18] -1 18583[3] -1 -2  SUtility:21
 12515[3] -1 -2  SUtility:3
 12751[2] -1 -2  SUtility:2
 10849[15] -1 -2  SUtility:15
 12415[10] -1 12663[7] -1 12827[15] -1 18427[10] -1 18619[3] -1 18691[15] -1 -2  SUtility:60
 18651[6] -1 -2  SUtility:6
 12751[5] -1 -2  SUtility:5
 12403[12] -1 -2  SUtility:12
 10295[50] -1 10303[6] -1 10307[18] -1 10311[2] -1 10319[5] -1 10833[9] -1 10837[64] -1 10841[36] -1 10849[24] -1 10857[4] -1 10861[6] -1 10865[10] -1 12659[48] -1 12663[10] -1 12679[20] -1 12683[16] -1 12703[10] -1 12711[28] -1 12715[30] -1 12719[36] -1 12735[50] -1 12739[32] -1 12743[10] -1 12759[24] -1 12763[8] -1 12779[10] -1 12895[2] -1 -2  SUtility:568
 12771[28] -1 -2  SUtility:28
 10295[5] -1 10841[12] -1 12323[8] -1 12339[12] -1 12347[4] -1 12351[10] -1 12407[12] -1 12439[7] -1 12507[7] -1 12511[8] -1 12695[9] -1 12703[7] -1 -2  SUtility:101
 12503[10] -1 12515[9] -1 12519[20] -1 -2  SUtility:39
 10295[45] -1 -2  SUtility:45
 10829[21] -1 -2  SUtility:21
 12439[5] -1 -2  SUtility:5
 12727[4] -1 -2  SUtility:4
 12783[6] -1 -2  SUtility:6
 18787[6] -1 -2  SUtility:6
 12507[8] -1 -2  SUtility:8
 10295[45] -1 10307[12] -1 10311[10] -1 12895[18] -1 -2  SUtility:85
 12339[21] -1 -2  SUtility:21
 12687[4] -1 12715[12] -1 12807[1] -1 12891[15] -1 12895[2] -1 12903[18] -1 -2  SUtility:52
 12771[20] -1 12775[12] -1 -2  SUtility:32
 12895[12] -1 -2  SUtility:12
 10295[35] -1 10299[6] -1 10307[6] -1 12463[50] -1 12479[6] -1 12487[8] -1 12691[8] -1 12695[12] -1 -2  SUtility:131
 12551[9] -1 -2  SUtility:9
 12411[7] -1 -2  SUtility:7
 12611[21] -1 12723[6] -1 -2  SUtility:27
 12323[8] -1 -2  SUtility:8
 18855[16] -1 -2  SUtility:16
 12827[30] -1 -2  SUtility:30
 18855[72] -1 -2  SUtility:72
 12823[9] -1 12831[21] -1 -2  SUtility:30
 12787[35] -1 -2  SUtility:35
 10295[35] -1 10311[10] -1 12527[9] -1 12559[35] -1 12683[40] -1 12727[4] -1 12895[12] -1 -2  SUtility:145
 12847[10] -1 18847[32] -1 -2  SUtility:42
 12895[6] -1 -2  SUtility:6
 10295[25] -1 12823[2] -1 -2  SUtility:27
 12515[18] -1 -2  SUtility:18
 12783[24] -1 -2  SUtility:24
 10315[5] -1 -2  SUtility:5
 10315[5] -1 12895[12] -1 -2  SUtility:17
 12403[8] -1 12515[9] -1 -2  SUtility:17
 12675[14] -1 12883[24] -1 -2  SUtility:38
 12879[28] -1 -2  SUtility:28
 12419[24] -1 -2  SUtility:24
 12463[25] -1 12695[12] -1 12819[4] -1 -2  SUtility:41
 12399[4] -1 -2  SUtility:4
 10311[6] -1 10315[6] -1 -2  SUtility:12
 12715[3] -1 12747[18] -1 12751[9] -1 -2  SUtility:30
 12823[5] -1 -2  SUtility:5
 12895[12] -1 -2  SUtility:12
 18787[60] -1 -2  SUtility:60
 12299[18] -1 -2  SUtility:18
 12819[9] -1 -2  SUtility:9
 12715[12] -1 12775[9] -1 -2  SUtility:21
 12367[12] -1 12395[35] -1 -2  SUtility:47
 10307[20] -1 10311[8] -1 -2  SUtility:28
 12727[24] -1 -2  SUtility:24
 12711[28] -1 -2  SUtility:28
 18487[42] -1 -2  SUtility:42
 12355[6] -1 -2  SUtility:6
 18691[12] -1 -2  SUtility:12
 10315[7] -1 -2  SUtility:7
 12403[14] -1 -2  SUtility:14
 10311[5] -1 -2  SUtility:5
 12483[5] -1 12567[9] -1 12621[27] -1 12747[27] -1 12755[24] -1 -2  SUtility:92
 12515[12] -1 -2  SUtility:12
 12559[56] -1 18871[3] -1 -2  SUtility:59
 12783[18] -1 -2  SUtility:18
 12695[9] -1 12699[18] -1 -2  SUtility:27
 12771[32] -1 -2  SUtility:32
 12895[8] -1 -2  SUtility:8
 12895[12] -1 -2  SUtility:12
 10295[35] -1 10299[10] -1 10307[20] -1 10311[5] -1 12371[18] -1 12483[7] -1 12487[12] -1 12607[15] -1 12627[4] -1 12655[8] -1 12827[5] -1 12875[20] -1 12895[10] -1 -2  SUtility:169
 10849[6] -1 -2  SUtility:6
 12611[9] -1 12615[30] -1 12775[27] -1 12839[18] -1 12879[28] -1 18707[42] -1 -2  SUtility:154
 12779[12] -1 12783[3] -1 -2  SUtility:15
 12355[1] -1 -2  SUtility:1
 12479[8] -1 -2  SUtility:8
 12395[35] -1 -2  SUtility:35
 10303[6] -1 -2  SUtility:6
 12695[24] -1 -2  SUtility:24
 12447[70] -1 -2  SUtility:70
 10311[6] -1 10849[12] -1 12519[12] -1 12531[4] -1 12667[7] -1 12671[8] -1 12695[27] -1 12699[12] -1 12703[3] -1 12715[30] -1 12827[15] -1 12895[14] -1 12907[5] -1 18427[10] -1 -2  SUtility:165
 18579[9] -1 -2  SUtility:9
 18459[20] -1 18579[9] -1 18615[8] -1 18619[3] -1 18767[15] -1 20807[2] -1 -2  SUtility:57
 10307[18] -1 12895[14] -1 -2  SUtility:32
 12735[10] -1 18423[24] -1 18551[15] -1 18595[2] -1 -2  SUtility:51
 12355[5] -1 12891[30] -1 18423[12] -1 18547[28] -1 18551[45] -1 18671[15] -1 -2  SUtility:135
 12771[20] -1 -2  SUtility:20
 12563[4] -1 -2  SUtility:4
 12771[36] -1 -2  SUtility:36
 18551[20] -1 18567[9] -1 -2  SUtility:29
 18735[70] -1 -2  SUtility:70
 12371[18] -1 12395[40] -1 -2  SUtility:58
 18847[12] -1 -2  SUtility:12
 12559[56] -1 -2  SUtility:56
 10295[25] -1 10299[8] -1 10307[18] -1 12487[16] -1 -2  SUtility:67
 12559[21] -1 -2  SUtility:21
 12621[21] -1 18427[16] -1 18723[6] -1 18871[12] -1 -2  SUtility:55
 12815[32] -1 12895[8] -1 -2  SUtility:40
 12463[45] -1 -2  SUtility:45
 18427[10] -1 -2  SUtility:10
 12411[10] -1 12431[8] -1 12491[21] -1 12559[42] -1 12663[10] -1 12895[4] -1 18831[18] -1 -2  SUtility:113
 12731[20] -1 -2  SUtility:20
 12331[24] -1 -2  SUtility:24
 12559[70] -1 -2  SUtility:70
 12727[20] -1 -2  SUtility:20
 10315[6] -1 -2  SUtility:6
 12559[63] -1 -2  SUtility:63
 12559[56] -1 -2  SUtility:56
 12743[4] -1 -2  SUtility:4
 12715[30] -1 18831[27] -1 -2  SUtility:57
 12403[2] -1 12567[27] -1 18447[4] -1 18831[6] -1 -2  SUtility:39
 10295[20] -1 10307[2] -1 10311[6] -1 -2  SUtility:28
 10311[9] -1 -2  SUtility:9
 12711[4] -1 -2  SUtility:4
 12751[5] -1 -2  SUtility:5
 12895[14] -1 -2  SUtility:14
 12895[8] -1 -2  SUtility:8
 12739[20] -1 -2  SUtility:20
 12695[21] -1 -2  SUtility:21
 12347[12] -1 12679[10] -1 12895[8] -1 -2  SUtility:30
 10315[8] -1 -2  SUtility:8
 12431[28] -1 -2  SUtility:28
 12591[1] -1 -2  SUtility:1
 12451[6] -1 12731[36] -1 18635[16] -1 18871[9] -1 -2  SUtility:67
 12723[6] -1 -2  SUtility:6
 12347[2] -1 18831[27] -1 -2  SUtility:29
 12621[18] -1 -2  SUtility:18
 12875[36] -1 -2  SUtility:36
 12487[14] -1 -2  SUtility:14
 10307[2] -1 10833[1] -1 10849[21] -1 10877[8] -1 -2  SUtility:32
 12627[18] -1 -2  SUtility:18
 12695[18] -1 12703[5] -1 -2  SUtility:23
 12895[6] -1 -2  SUtility:6
 12895[18] -1 -2  SUtility:18
 12695[9] -1 -2  SUtility:9
 12551[18] -1 12555[12] -1 -2  SUtility:30
 10295[25] -1 12795[5] -1 -2  SUtility:30
 12411[5] -1 12895[14] -1 -2  SUtility:19
 10295[35] -1 12723[24] -1 12727[32] -1 12731[20] -1 12763[6] -1 -2  SUtility:117
 12795[6] -1 12819[3] -1 -2  SUtility:9
 12591[8] -1 -2  SUtility:8
 12815[32] -1 12895[12] -1 -2  SUtility:44
 12875[36] -1 -2  SUtility:36
 12679[10] -1 12683[12] -1 -2  SUtility:22
 12795[5] -1 12815[16] -1 12895[6] -1 -2  SUtility:27
 12479[14] -1 -2  SUtility:14
 18619[10] -1 -2  SUtility:10
 12763[8] -1 -2  SUtility:8
 12339[3] -1 -2  SUtility:3
 12607[24] -1 12775[30] -1 -2  SUtility:54
 18863[24] -1 -2  SUtility:24
 10307[12] -1 10311[2] -1 12447[49] -1 18619[7] -1 18787[42] -1 18879[40] -1 -2  SUtility:152
 10311[6] -1 -2  SUtility:6
 12355[10] -1 -2  SUtility:10
 10845[2] -1 10865[1] -1 -2  SUtility:3
 12867[12] -1 -2  SUtility:12
 12415[6] -1 -2  SUtility:6
 12551[6] -1 -2  SUtility:6
 12755[40] -1 -2  SUtility:40
 10833[7] -1 12559[42] -1 -2  SUtility:49
 10861[10] -1 -2  SUtility:10
 10291[4] -1 10295[35] -1 10299[6] -1 10303[5] -1 10307[10] -1 10311[3] -1 12463[15] -1 12663[1] -1 12679[10] -1 12683[16] -1 12691[8] -1 12695[24] -1 12819[2] -1 12895[4] -1 -2  SUtility:143
 10311[5] -1 10315[2] -1 -2  SUtility:7
 10295[10] -1 12895[2] -1 -2  SUtility:12
 10849[15] -1 10861[2] -1 12343[15] -1 -2  SUtility:32
 12431[20] -1 -2  SUtility:20
 12775[21] -1 12895[10] -1 18691[18] -1 -2  SUtility:49
 12747[6] -1 12751[8] -1 12907[7] -1 18563[5] -1 18735[7] -1 18751[18] -1 18787[36] -1 -2  SUtility:87
 12567[18] -1 12587[3] -1 12591[4] -1 -2  SUtility:25
 18419[7] -1 18423[12] -1 18427[6] -1 18431[14] -1 -2  SUtility:39
 12819[6] -1 -2  SUtility:6
 10307[20] -1 10311[1] -1 12559[70] -1 12563[12] -1 -2  SUtility:103
 12679[30] -1 -2  SUtility:30
 12875[36] -1 -2  SUtility:36
 12439[10] -1 12451[12] -1 12483[5] -1 18443[35] -1 18511[18] -1 18599[14] -1 18695[21] -1 18723[15] -1 18767[18] -1 18831[9] -1 -2  SUtility:157
 10877[6] -1 -2  SUtility:6
 18767[18] -1 -2  SUtility:18
 12567[24] -1 -2  SUtility:24
 12367[32] -1 -2  SUtility:32
 12443[12] -1 12451[12] -1 12715[6] -1 12783[18] -1 18547[42] -1 -2  SUtility:90
 12559[49] -1 18639[7] -1 18663[50] -1 18875[8] -1 -2  SUtility:114
 12411[10] -1 12751[10] -1 -2  SUtility:20
 18639[2] -1 18663[20] -1 -2  SUtility:22
 12895[2] -1 -2  SUtility:2
 12487[18] -1 12683[24] -1 -2  SUtility:42
 12663[2] -1 12679[10] -1 -2  SUtility:12
 10303[3] -1 10311[4] -1 10315[1] -1 12679[10] -1 -2  SUtility:18
 12783[24] -1 18491[18] -1 18495[18] -1 18563[8] -1 -2  SUtility:68
 12487[8] -1 12695[30] -1 -2  SUtility:38
 12895[12] -1 -2  SUtility:12
 10295[30] -1 10307[16] -1 12895[14] -1 -2  SUtility:60
 12403[16] -1 -2  SUtility:16
 12679[25] -1 -2  SUtility:25
 12515[21] -1 18723[24] -1 -2  SUtility:45
 12431[28] -1 -2  SUtility:28
 12823[3] -1 -2  SUtility:3
 10291[6] -1 10295[35] -1 10299[6] -1 10303[9] -1 10307[12] -1 10311[7] -1 10319[2] -1 10857[16] -1 10861[16] -1 10865[4] -1 12463[35] -1 12471[9] -1 12475[12] -1 12479[20] -1 12483[5] -1 12487[14] -1 12491[9] -1 12495[30] -1 12523[8] -1 12527[9] -1 12531[40] -1 12643[6] -1 12647[10] -1 12651[56] -1 12663[1] -1 12667[2] -1 12679[30] -1 12683[40] -1 12687[10] -1 12691[2] -1 12695[3] -1 12699[36] -1 12703[2] -1 12735[10] -1 12739[24] -1 12743[2] -1 12747[30] -1 12751[9] -1 12755[64] -1 12759[18] -1 12763[8] -1 12767[30] -1 12771[16] -1 12775[12] -1 12779[20] -1 12783[15] -1 12787[25] -1 12795[2] -1 12799[35] -1 12803[45] -1 12807[8] -1 12811[18] -1 12815[24] -1 12819[1] -1 12823[9] -1 12827[20] -1 12831[27] -1 12835[20] -1 12839[20] -1 12843[12] -1 12847[10] -1 12851[30] -1 12855[20] -1 12859[5] -1 12863[8] -1 12867[24] -1 12871[30] -1 12875[20] -1 12879[32] -1 12883[9] -1 12887[28] -1 12891[15] -1 12895[10] -1 12899[6] -1 12903[27] -1 12907[8] -1 -2  SUtility:1308
 12567[27] -1 -2  SUtility:27
 12895[20] -1 -2  SUtility:20
 12807[8] -1 -2  SUtility:8
 12567[24] -1 18511[2] -1 18691[24] -1 18695[24] -1 18703[40] -1 -2  SUtility:114
 12351[45] -1 12355[5] -1 12447[14] -1 -2  SUtility:64
 12747[6] -1 12751[2] -1 -2  SUtility:8
 12547[7] -1 12643[4] -1 12667[3] -1 12679[45] -1 12687[16] -1 -2  SUtility:75
 10311[5] -1 10315[10] -1 12483[5] -1 12487[18] -1 12571[7] -1 12679[15] -1 12691[10] -1 12695[30] -1 12703[5] -1 12895[14] -1 -2  SUtility:119
 12559[70] -1 -2  SUtility:70
 12431[8] -1 12439[5] -1 12559[42] -1 -2  SUtility:55
 18787[30] -1 -2  SUtility:30
 12479[6] -1 -2  SUtility:6
 10311[6] -1 12483[1] -1 12487[14] -1 -2  SUtility:21
 10877[4] -1 -2  SUtility:4
 10311[2] -1 12663[2] -1 -2  SUtility:4
 12407[20] -1 12559[28] -1 -2  SUtility:48
 12399[8] -1 12439[2] -1 -2  SUtility:10
 12739[24] -1 12771[32] -1 -2  SUtility:56
 12515[24] -1 12519[40] -1 12567[9] -1 18691[9] -1 18727[40] -1 -2  SUtility:122
 12747[24] -1 12807[10] -1 12823[10] -1 -2  SUtility:44
 18639[10] -1 -2  SUtility:10
 12451[12] -1 12783[6] -1 18619[8] -1 18691[30] -1 -2  SUtility:56
 12679[25] -1 -2  SUtility:25
 18507[18] -1 -2  SUtility:18
 12771[24] -1 -2  SUtility:24
 12411[3] -1 12555[3] -1 12747[6] -1 12827[20] -1 18587[15] -1 -2  SUtility:47
 12783[30] -1 -2  SUtility:30
 10311[6] -1 12679[45] -1 12695[30] -1 12703[5] -1 12759[21] -1 18787[12] -1 -2  SUtility:119
 12447[49] -1 12479[14] -1 12483[8] -1 12487[20] -1 12743[7] -1 12759[12] -1 12763[10] -1 12779[12] -1 18691[9] -1 -2  SUtility:141
 12631[25] -1 12663[3] -1 12895[16] -1 -2  SUtility:44
 12679[20] -1 -2  SUtility:20
 10853[2] -1 12515[21] -1 12523[28] -1 12595[40] -1 12647[4] -1 12663[10] -1 12679[45] -1 12687[6] -1 12747[21] -1 12779[12] -1 12783[21] -1 12799[21] -1 12803[45] -1 12823[7] -1 12835[6] -1 12847[8] -1 12883[18] -1 18451[16] -1 -2  SUtility:331
 18507[12] -1 -2  SUtility:12
 10295[15] -1 10307[2] -1 10311[4] -1 12459[14] -1 12495[20] -1 -2  SUtility:55
 10311[6] -1 12703[2] -1 -2  SUtility:8
 12451[3] -1 12875[40] -1 -2  SUtility:43
 12563[14] -1 12567[9] -1 12663[1] -1 12895[8] -1 -2  SUtility:32
 12411[8] -1 -2  SUtility:8
 18787[12] -1 -2  SUtility:12
 12727[32] -1 -2  SUtility:32
 12511[40] -1 12515[30] -1 12621[3] -1 -2  SUtility:73
 12403[14] -1 12447[42] -1 -2  SUtility:56
 18459[25] -1 -2  SUtility:25
 12875[40] -1 18787[54] -1 -2  SUtility:94
 10857[32] -1 12463[25] -1 12615[42] -1 12621[18] -1 12663[6] -1 12779[8] -1 -2  SUtility:131
 12719[8] -1 12723[60] -1 12859[15] -1 -2  SUtility:83
 10829[21] -1 10833[7] -1 10853[4] -1 12899[3] -1 18831[21] -1 -2  SUtility:56
 12895[12] -1 -2  SUtility:12
 12339[12] -1 -2  SUtility:12
 10849[18] -1 12519[4] -1 12795[5] -1 12819[6] -1 12863[14] -1 12891[18] -1 12895[16] -1 -2  SUtility:81
 18651[14] -1 -2  SUtility:14
 10877[14] -1 12807[6] -1 12831[24] -1 12847[6] -1 12859[45] -1 12907[5] -1 -2  SUtility:100
 12763[12] -1 -2  SUtility:12
 12883[9] -1 -2  SUtility:9
 10877[6] -1 -2  SUtility:6
 10295[10] -1 -2  SUtility:10
 10295[35] -1 12411[2] -1 -2  SUtility:37
 10295[30] -1 12443[24] -1 -2  SUtility:54
 10311[8] -1 -2  SUtility:8
 12719[16] -1 -2  SUtility:16
 12771[8] -1 -2  SUtility:8
 12663[7] -1 12819[4] -1 -2  SUtility:11
 10849[6] -1 12823[1] -1 -2  SUtility:7
 12879[32] -1 -2  SUtility:32
 12783[3] -1 12815[4] -1 12895[2] -1 -2  SUtility:9
 10307[18] -1 10311[2] -1 12483[3] -1 -2  SUtility:23
 10315[3] -1 -2  SUtility:3
 12675[7] -1 -2  SUtility:7
 12727[36] -1 -2  SUtility:36
 10295[40] -1 10299[16] -1 10307[20] -1 10311[2] -1 -2  SUtility:78
 18787[24] -1 -2  SUtility:24
 12299[12] -1 12447[70] -1 12519[8] -1 -2  SUtility:90
 12507[7] -1 12511[16] -1 -2  SUtility:23